0.012087821960449
0.011676073074341
0.023804903030396
0.017123937606812
0.021624088287354
0.012331962585449
0.022549867630005
0.012626171112061
0.014553070068359
0.022743940353394
0.024180173873901
0.022320985794067
0.013049125671387
0.022320985794067
0.022971868515015
0.023554086685181
0.022886037826538
0.022385120391846
0.012206077575684
0.023775100708008
0.012748956680298
0.022995948791504
0.013776063919067
0.020742177963257
0.02318000793457
0.012036085128784
0.012431859970093
0.02396297454834
0.022686958312988
0.011329889297485
